243810000012
243810000013
243810000014
243810000015
243810000016
243810000017
243810000018
243810000019
243810000020
243810000021
243810000022
243810000023
243810000024
243810000025
243810000026
243810000027
243810000028
243810000029
243810000030
243810000031
243810000032
243810000033
243810000034
243810000035
243810000036
243810000037
243810000038
243810000039
243810000040
243810000041
243810000042
243810000043
243810000044
243810000045
243810000046
243810000047
243810000048
243810000049
